[
    {
        "file_path": "colmap_test/vine_sample_2/col_out/images_2/frame_00001.png",
        "transform": [
            [
                0.24597342312335968,
                -0.058081407099962234,
                0.9675348401069641,
                0.6458699107170105
            ],
            [
                0.9687358736991882,
                -0.018604476004838943,
                -0.2473956048488617,
                0.6059590578079224
            ],
            [
                0.03236955404281616,
                0.9981385469436646,
                0.051689352840185165,
                -0.02840261720120907
            ]
        ]
    },
    {
        "file_path": "colmap_test/vine_sample_2/col_out/images_2/frame_00002.png",
        "transform": [
            [
                0.2548221945762634,
                -0.05057762190699577,
                0.965664267539978,
                0.647895336151123
            ],
            [
                0.9664663076400757,
                -0.019474506378173828,
                -0.2560538351535797,
                0.6084514856338501
            ],
            [
                0.03175642341375351,
                0.9985302090644836,
                0.04391901195049286,
                -0.026890642940998077
            ]
        ]
    },
    {
        "file_path": "colmap_test/vine_sample_2/col_out/images_2/frame_00003.png",
        "transform": [
            [
                0.2638746500015259,
                -0.04196910932660103,
                0.9636435508728027,
                0.6494372487068176
            ],
            [
                0.9640541076660156,
                -0.020781923085451126,
                -0.2648921608924866,
                0.6113760471343994
            ],
            [
                0.031143654137849808,
                0.9989027380943298,
                0.034976668655872345,
                -0.025541890412569046
            ]
        ]
    },
    {
        "file_path": "colmap_test/vine_sample_2/col_out/images_2/frame_00004.png",
        "transform": [
            [
                0.27186113595962524,
                -0.03549416363239288,
                0.9616817235946655,
                0.6510528326034546
            ],
            [
                0.961854100227356,
                -0.021615933626890182,
                -0.27270767092704773,
                0.6146782040596008
            ],
            [
                0.030467167496681213,
                0.9991360902786255,
                0.02826366014778614,
                -0.023764559999108315
            ]
        ]
    },
    {
        "file_path": "colmap_test/vine_sample_2/col_out/images_2/frame_00005.png",
        "transform": [
            [
                0.27861297130584717,
                -0.029998013749718666,
                0.9599348902702332,
                0.6527296304702759
            ],
            [
                0.9599510431289673,
                -0.021979190409183502,
                -0.27930450439453125,
                0.6172385215759277
            ],
            [
                0.02947716787457466,
                0.9993082880973816,
                0.022672928869724274,
                -0.021496746689081192
            ]
        ]
    },
    {
        "file_path": "colmap_test/vine_sample_2/col_out/images_2/frame_00006.png",
        "transform": [
            [
                0.2855066955089569,
                -0.02535121701657772,
                0.9580413699150085,
                0.6556679606437683
            ],
            [
                0.9579471349716187,
                -0.022377368062734604,
                -0.28607073426246643,
                0.6186047792434692
            ],
            [
                0.028690677136182785,
                0.9994281530380249,
                0.017896223813295364,
                -0.01889653317630291
            ]
        ]
    },
    {
        "file_path": "colmap_test/vine_sample_2/col_out/images_2/frame_00007.png",
        "transform": [
            [
                0.2923629879951477,
                -0.02127194032073021,
                0.9560708403587341,
                0.6584984064102173
            ],
            [
                0.9558952450752258,
                -0.022850070148706436,
                -0.2928176820278168,
                0.6194764375686646
            ],
            [
                0.02807508409023285,
                0.9995126128196716,
                0.013653222471475601,
                -0.017082205042243004
            ]
        ]
    },
    {
        "file_path": "colmap_test/vine_sample_2/col_out/images_2/frame_00008.png",
        "transform": [
            [
                0.2993616461753845,
                -0.017435353249311447,
                0.9539804458618164,
                0.6607697010040283
            ],
            [
                0.953738808631897,
                -0.023513469845056534,
                -0.2997155487537384,
                0.6199451684951782
            ],
            [
                0.027657024562358856,
                0.9995715618133545,
                0.009589733555912971,
                -0.016570700332522392
            ]
        ]
    },
    {
        "file_path": "colmap_test/vine_sample_2/col_out/images_2/frame_00009.png",
        "transform": [
            [
                0.30627214908599854,
                -0.014188366010785103,
                0.9518382549285889,
                0.6620616316795349
            ],
            [
                0.9515498280525208,
                -0.02420823648571968,
                -0.3065401613712311,
                0.6200032830238342
            ],
            [
                0.027391616255044937,
                0.9996063113212585,
                0.00608661025762558,
                -0.016304941847920418
            ]
        ]
    },
    {
        "file_path": "colmap_test/vine_sample_2/col_out/images_2/frame_00010.png",
        "transform": [
            [
                0.3129568099975586,
                -0.011741290800273418,
                0.949694812297821,
                0.6627912521362305
            ],
            [
                0.9493750333786011,
                -0.024870269000530243,
                -0.31315892934799194,
                0.6202412843704224
            ],
            [
                0.027296043932437897,
                0.9996217489242554,
                0.0033635664731264114,
                -0.016061849892139435
            ]
        ]
    },
    {
        "file_path": "colmap_test/vine_sample_2/col_out/images_2/frame_00012.png",
        "transform": [
            [
                0.3288889527320862,
                -0.009035424329340458,
                0.9443253874778748,
                0.6649309396743774
            ],
            [
                0.943967878818512,
                -0.02598157897591591,
                -0.32901301980018616,
                0.624245822429657
            ],
            [
                0.027507826685905457,
                0.9996216297149658,
                -1.5925616025924683e-05,
                -0.017042802646756172
            ]
        ]
    },
    {
        "file_path": "colmap_test/vine_sample_2/col_out/images_2/frame_00013.png",
        "transform": [
            [
                0.3376415967941284,
                -0.009274274110794067,
                0.9412291049957275,
                0.660893976688385
            ],
            [
                0.9408682584762573,
                -0.026060402393341064,
                -0.33776894211769104,
                0.6269047260284424
            ],
            [
                0.02766135334968567,
                0.9996173977851868,
                -7.320567965507507e-05,
                -0.0174458846449852
            ]
        ]
    },
    {
        "file_path": "colmap_test/vine_sample_2/col_out/images_2/frame_00014.png",
        "transform": [
            [
                0.34105384349823,
                -0.009869066067039967,
                0.9399920105934143,
                0.6600974202156067
            ],
            [
                0.9396267533302307,
                -0.026202842593193054,
                -0.3411964178085327,
                0.6271793246269226
            ],
            [
                0.027997754514217377,
                0.9996079802513123,
                0.0003366731107234955,
                -0.01814110577106476
            ]
        ]
    },
    {
        "file_path": "colmap_test/vine_sample_2/col_out/images_2/frame_00015.png",
        "transform": [
            [
                0.3437642753124237,
                -0.012549011036753654,
                0.9389721751213074,
                0.6580768823623657
            ],
            [
                0.9386045336723328,
                -0.026409540325403214,
                -0.3439825773239136,
                0.6276873350143433
            ],
            [
                0.029114462435245514,
                0.9995724558830261,
                0.0026998966932296753,
                -0.019127683714032173
            ]
        ]
    },
    {
        "file_path": "colmap_test/vine_sample_2/col_out/images_2/frame_00016.png",
        "transform": [
            [
                0.3427845537662506,
                -0.01676124520599842,
                0.9392644762992859,
                0.6559402942657471
            ],
            [
                0.9389011859893799,
                -0.02691979706287384,
                -0.343132346868515,
                0.6281692385673523
            ],
            [
                0.031036123633384705,
                0.9994970560073853,
                0.006509453058242798,
                -0.02055485174059868
            ]
        ]
    },
    {
        "file_path": "colmap_test/vine_sample_2/col_out/images_2/frame_00017.png",
        "transform": [
            [
                0.34231671690940857,
                -0.01859627291560173,
                0.9394006133079529,
                0.6557988524436951
            ],
            [
                0.9390406012535095,
                -0.0272466279566288,
                -0.34272491931915283,
                0.6278507113456726
            ],
            [
                0.03196888789534569,
                0.9994558095932007,
                0.008135657757520676,
                -0.020763032138347626
            ]
        ]
    },
    {
        "file_path": "colmap_test/vine_sample_2/col_out/images_2/frame_00018.png",
        "transform": [
            [
                0.3411071300506592,
                -0.020827818661928177,
                0.9397937059402466,
                0.6549568176269531
            ],
            [
                0.9394443035125732,
                -0.027564354240894318,
                -0.3415912091732025,
                0.6274063587188721
            ],
            [
                0.033019401133060455,
                0.9994030594825745,
                0.010164167732000351,
                -0.021432258188724518
            ]
        ]
    },
    {
        "file_path": "colmap_test/vine_sample_2/col_out/images_2/frame_00019.png",
        "transform": [
            [
                0.3352201282978058,
                -0.027376817539334297,
                0.9417420029640198,
                0.6538012027740479
            ],
            [
                0.9414624571800232,
                -0.02816261723637581,
                -0.33593934774398804,
                0.6256888508796692
            ],
            [
                0.035718854516744614,
                0.9992284178733826,
                0.016333553940057755,
                -0.024240247905254364
            ]
        ]
    },
    {
        "file_path": "colmap_test/vine_sample_2/col_out/images_2/frame_00020.png",
        "transform": [
            [
                0.32735756039619446,
                -0.0344388522207737,
                0.9442726969718933,
                0.6541679501533508
            ],
            [
                0.9441246390342712,
                -0.028567016124725342,
                -0.3283481299877167,
                0.6244779229164124
            ],
            [
                0.03828297182917595,
                0.9989984631538391,
                0.023162927478551865,
                -0.027541520074009895
            ]
        ]
    },
    {
        "file_path": "colmap_test/vine_sample_2/col_out/images_2/frame_00022.png",
        "transform": [
            [
                0.30540040135383606,
                -0.04816795885562897,
                0.9510049819946289,
                0.6537363529205322
            ],
            [
                0.9512566924095154,
                -0.02957174926996231,
                -0.30697906017303467,
                0.621286153793335
            ],
            [
                0.04290942847728729,
                0.998401403427124,
                0.03678886592388153,
                -0.031124761328101158
            ]
        ]
    },
    {
        "file_path": "colmap_test/vine_sample_2/col_out/images_2/frame_00023.png",
        "transform": [
            [
                0.293109267950058,
                -0.053975824266672134,
                0.9545541405677795,
                0.6539561748504639
            ],
            [
                0.9550068974494934,
                -0.03073810040950775,
                -0.29498639702796936,
                0.6198781728744507
            ],
            [
                0.04526331275701523,
                0.9980690479278564,
                0.042537666857242584,
                -0.032335784286260605
            ]
        ]
    },
    {
        "file_path": "colmap_test/vine_sample_2/col_out/images_2/frame_00024.png",
        "transform": [
            [
                0.27854123711586,
                -0.05990169569849968,
                0.9585544466972351,
                0.65306556224823
            ],
            [
                0.9592460989952087,
                -0.032069750130176544,
                -0.28074631094932556,
                0.6191545128822327
            ],
            [
                0.0475577749311924,
                0.9976890087127686,
                0.04852772504091263,
                -0.03272860124707222
            ]
        ]
    },
    {
        "file_path": "colmap_test/vine_sample_2/col_out/images_2/frame_00025.png",
        "transform": [
            [
                0.2619970738887787,
                -0.06538259983062744,
                0.962851345539093,
                0.6556541919708252
            ],
            [
                0.9637678265571594,
                -0.034058935940265656,
                -0.26455920934677124,
                0.6183223128318787
            ],
            [
                0.050091248005628586,
                0.9972788691520691,
                0.054090291261672974,
                -0.03356696292757988
            ]
        ]
    },
    {
        "file_path": "colmap_test/vine_sample_2/col_out/images_2/frame_00026.png",
        "transform": [
            [
                0.24323536455631256,
                -0.0709046870470047,
                0.9673722982406616,
                0.6584664583206177
            ],
            [
                0.9685343503952026,
                -0.03643638640642166,
                -0.24619820713996887,
                0.618480920791626
            ],
            [
                0.05270415544509888,
                0.996817409992218,
                0.05981101095676422,
                -0.03531967103481293
            ]
        ]
    },
    {
        "file_path": "colmap_test/vine_sample_2/col_out/images_2/frame_00027.png",
        "transform": [
            [
                0.2216881811618805,
                -0.07585462927818298,
                0.9721627831459045,
                0.6624076962471008
            ],
            [
                0.9735386371612549,
                -0.039495401084423065,
                -0.225083589553833,
                0.6203965544700623
            ],
            [
                0.055469587445259094,
                0.9963364601135254,
                0.06509173661470413,
                -0.03635948896408081
            ]
        ]
    },
    {
        "file_path": "colmap_test/vine_sample_2/col_out/images_2/frame_00028.png",
        "transform": [
            [
                0.19937030971050262,
                -0.07982152700424194,
                0.9766678214073181,
                0.6655828356742859
            ],
            [
                0.9782008528709412,
                -0.042872801423072815,
                -0.20318716764450073,
                0.6234563589096069
            ],
            [
                0.058091193437576294,
                0.9958868026733398,
                0.06953392922878265,
                -0.03679989278316498
            ]
        ]
    },
    {
        "file_path": "colmap_test/vine_sample_2/col_out/images_2/frame_00029.png",
        "transform": [
            [
                0.17611752450466156,
                -0.0827176421880722,
                0.9808875918388367,
                0.6720547080039978
            ],
            [
                0.9824990034103394,
                -0.046623095870018005,
                -0.1803385615348816,
                0.6270160675048828
            ],
            [
                0.06064920127391815,
                0.9954818487167358,
                0.0730588510632515,
                -0.03760536015033722
            ]
        ]
    },
    {
        "file_path": "colmap_test/vine_sample_2/col_out/images_2/frame_00030.png",
        "transform": [
            [
                0.15143050253391266,
                -0.08471035957336426,
                0.9848315119743347,
                0.6798794269561768
            ],
            [
                0.9864248633384705,
                -0.051073625683784485,
                -0.1560686230659485,
                0.6314405798912048
            ],
            [
                0.06351953744888306,
                0.9950957894325256,
                0.07582630217075348,
                -0.0388510599732399
            ]
        ]
    },
    {
        "file_path": "colmap_test/vine_sample_2/col_out/images_2/frame_00032.png",
        "transform": [
            [
                0.09547709673643112,
                -0.08366450667381287,
                0.9919094443321228,
                0.7007339596748352
            ],
            [
                0.99313884973526,
                -0.05958656221628189,
                -0.10062137246131897,
                0.6387579441070557
            ],
            [
                0.06752290576696396,
                0.9947108626365662,
                0.07740131765604019,
                -0.03405868634581566
            ]
        ]
    },
    {
        "file_path": "colmap_test/vine_sample_2/col_out/images_2/frame_00033.png",
        "transform": [
            [
                0.07236354053020477,
                -0.08234458416700363,
                0.9939733147621155,
                0.7081420421600342
            ],
            [
                0.9949756264686584,
                -0.06317250430583954,
                -0.07766997069120407,
                0.6395763158798218
            ],
            [
                0.0691874772310257,
                0.9945996999740601,
                0.07735946029424667,
                -0.03391476348042488
            ]
        ]
    },
    {
        "file_path": "colmap_test/vine_sample_2/col_out/images_2/frame_00034.png",
        "transform": [
            [
                0.058592211455106735,
                -0.0811421349644661,
                0.9949789047241211,
                0.7118213176727295
            ],
            [
                0.9958181381225586,
                -0.06523225456476212,
                -0.06396143138408661,
                0.6396885514259338
            ],
            [
                0.07009468227624893,
                0.9945656657218933,
                0.07698070257902145,
                -0.034487463533878326
            ]
        ]
    },
    {
        "file_path": "colmap_test/vine_sample_2/col_out/images_2/frame_00035.png",
        "transform": [
            [
                0.035337530076503754,
                -0.0780552476644516,
                0.9963226318359375,
                0.7201138734817505
            ],
            [
                0.9968639612197876,
                -0.06788118183612823,
                -0.04067477583885193,
                0.639880895614624
            ],
            [
                0.07080642879009247,
                0.9946353435516357,
                0.07541169971227646,
                -0.034482505172491074
            ]
        ]
    },
    {
        "file_path": "colmap_test/vine_sample_2/col_out/images_2/frame_00036.png",
        "transform": [
            [
                0.02026798203587532,
                -0.07414662837982178,
                0.9970413446426392,
                0.7298246026039124
            ],
            [
                0.9973261952400208,
                -0.06853332370519638,
                -0.025370363146066666,
                0.6393654346466064
            ],
            [
                0.07021168619394302,
                0.9948896169662476,
                0.07255934923887253,
                -0.032210562378168106
            ]
        ]
    },
    {
        "file_path": "colmap_test/vine_sample_2/col_out/images_2/frame_00037.png",
        "transform": [
            [
                0.008419550955295563,
                -0.07185318320989609,
                0.997379720211029,
                0.7364609837532043
            ],
            [
                0.9975709319114685,
                -0.06836758553981781,
                -0.013346493244171143,
                0.638617217540741
            ],
            [
                0.06914742290973663,
                0.9950694441795349,
                0.07110300660133362,
                -0.030022334307432175
            ]
        ]
    },
    {
        "file_path": "colmap_test/vine_sample_2/col_out/images_2/frame_00038.png",
        "transform": [
            [
                0.0034060589969158173,
                -0.07227083295583725,
                0.9973792433738708,
                0.7385292053222656
            ],
            [
                0.9976530075073242,
                -0.06796415895223618,
                -0.008331719785928726,
                0.637082576751709
            ],
            [
                0.0683881863951683,
                0.9950667023658752,
                0.07186970859766006,
                -0.029899999499320984
            ]
        ]
    },
    {
        "file_path": "colmap_test/vine_sample_2/col_out/images_2/frame_00039.png",
        "transform": [
            [
                -0.0007722601294517517,
                -0.07721613347530365,
                0.9970141053199768,
                0.7363490462303162
            ],
            [
                0.9977391362190247,
                -0.06706060469150543,
                -0.004420850425958633,
                0.6315205693244934
            ],
            [
                0.06720172613859177,
                0.9947565197944641,
                0.07709332555532455,
                -0.032882679253816605
            ]
        ]
    },
    {
        "file_path": "colmap_test/vine_sample_2/col_out/images_2/frame_00040.png",
        "transform": [
            [
                -0.0011903494596481323,
                -0.08383823186159134,
                0.9964787364006042,
                0.7395552396774292
            ],
            [
                0.9977915287017822,
                -0.06627820432186127,
                -0.004384361207485199,
                0.623835563659668
            ],
            [
                0.06641238927841187,
                0.9942728281021118,
                0.08373195677995682,
                -0.037361808121204376
            ]
        ]
    },
    {
        "file_path": "colmap_test/vine_sample_2/col_out/images_2/frame_00042.png",
        "transform": [
            [
                0.004295282065868378,
                -0.10092391818761826,
                0.9948849081993103,
                0.7446292042732239
            ],
            [
                0.9978428483009338,
                -0.06473992764949799,
                -0.010875452309846878,
                0.6058470010757446
            ],
            [
                0.06550636887550354,
                0.9927855134010315,
                0.10042814165353775,
                -0.047293417155742645
            ]
        ]
    },
    {
        "file_path": "colmap_test/vine_sample_2/col_out/images_2/frame_00043.png",
        "transform": [
            [
                0.009639494121074677,
                -0.11274205148220062,
                0.9935775995254517,
                0.7453038692474365
            ],
            [
                0.9978040456771851,
                -0.06403055787086487,
                -0.01694609224796295,
                0.5981141924858093
            ],
            [
                0.06552986055612564,
                0.9915590882301331,
                0.11187724024057388,
                -0.054331496357917786
            ]
        ]
    },
    {
        "file_path": "colmap_test/vine_sample_2/col_out/images_2/frame_00044.png",
        "transform": [
            [
                0.016584966331720352,
                -0.12323720753192902,
                0.9922386407852173,
                0.7475518584251404
            ],
            [
                0.9977002739906311,
                -0.06318851560354233,
                -0.024524342268705368,
                0.59203040599823
            ],
            [
                0.06572039425373077,
                0.9903635382652283,
                0.12190581113100052,
                -0.06422945857048035
            ]
        ]
    },
    {
        "file_path": "colmap_test/vine_sample_2/col_out/images_2/frame_00045.png",
        "transform": [
            [
                0.0237373486161232,
                -0.1326056867837906,
                0.9908846616744995,
                0.7468729615211487
            ],
            [
                0.9975059628486633,
                -0.06276004016399384,
                -0.0322948656976223,
                0.5890061259269714
            ],
            [
                0.0664704442024231,
                0.9891799688339233,
                0.13078521192073822,
                -0.07839898020029068
            ]
        ]
    },
    {
        "file_path": "colmap_test/vine_sample_2/col_out/images_2/frame_00046.png",
        "transform": [
            [
                0.03372085839509964,
                -0.14475148916244507,
                0.9888933300971985,
                0.7433294057846069
            ],
            [
                0.9971425533294678,
                -0.062050677835941315,
                -0.04308496415615082,
                0.5873291492462158
            ],
            [
                0.06759810447692871,
                0.9875205159187317,
                0.14224547147750854,
                -0.09483864903450012
            ]
        ]
    },
    {
        "file_path": "colmap_test/vine_sample_2/col_out/images_2/frame_00047.png",
        "transform": [
            [
                0.04213207960128784,
                -0.14880280196666718,
                0.9879689812660217,
                0.7455705404281616
            ],
            [
                0.9967639446258545,
                -0.061495088040828705,
                -0.05176921561360359,
                0.5871204137802124
            ],
            [
                0.06845863908529282,
                0.9869529008865356,
                0.14573034644126892,
                -0.10209913551807404
            ]
        ]
    },
    {
        "file_path": "colmap_test/vine_sample_2/col_out/images_2/frame_00048.png",
        "transform": [
            [
                0.05515874922275543,
                -0.15886974334716797,
                0.9857575297355652,
                0.7344269752502441
            ],
            [
                0.9959647059440613,
                -0.06124422326683998,
                -0.06560032814741135,
                0.5864700675010681
            ],
            [
                0.07079385966062546,
                0.9853982329368591,
                0.15485049784183502,
                -0.11435988545417786
            ]
        ]
    },
    {
        "file_path": "colmap_test/vine_sample_2/col_out/images_2/frame_00049.png",
        "transform": [
            [
                0.05814877152442932,
                -0.16288912296295166,
                0.9849293828010559,
                0.730376124382019
            ],
            [
                0.9957389235496521,
                -0.06127043440937996,
                -0.06891994178295135,
                0.5881458520889282
            ],
            [
                0.07157335430383682,
                0.984740138053894,
                0.15863221883773804,
                -0.12193742394447327
            ]
        ]
    },
    {
        "file_path": "colmap_test/vine_sample_2/col_out/images_2/frame_00050.png",
        "transform": [
            [
                0.060193970799446106,
                -0.169228196144104,
                0.983737051486969,
                0.7199941277503967
            ],
            [
                0.995525062084198,
                -0.06174345314502716,
                -0.07153674960136414,
                0.5944545269012451
            ],
            [
                0.07284534722566605,
                0.9836410284042358,
                0.16475433111190796,
                -0.13347749412059784
            ]
        ]
    },
    {
        "file_path": "colmap_test/vine_sample_2/col_out/images_2/frame_00052.png",
        "transform": [
            [
                0.05869195610284805,
                -0.17387717962265015,
                0.9830167889595032,
                0.7037625312805176
            ],
            [
                0.9956650733947754,
                -0.06097840145230293,
                -0.0702330693602562,
                0.6116522550582886
            ],
            [
                0.07215471565723419,
                0.9828776121139526,
                0.1695445030927658,
                -0.1505141407251358
            ]
        ]
    },
    {
        "file_path": "colmap_test/vine_sample_2/col_out/images_2/frame_00053.png",
        "transform": [
            [
                0.05556584894657135,
                -0.178688645362854,
                0.9823353886604309,
                0.6904821991920471
            ],
            [
                0.9958117008209229,
                -0.06162487342953682,
                -0.0675378143787384,
                0.6214439272880554
            ],
            [
                0.07260452955961227,
                0.9819739460945129,
                0.1745159924030304,
                -0.15856249630451202
            ]
        ]
    },
    {
        "file_path": "colmap_test/vine_sample_2/col_out/images_2/frame_00054.png",
        "transform": [
            [
                0.05537302792072296,
                -0.18367306888103485,
                0.9814265966415405,
                0.6826637983322144
            ],
            [
                0.9957764148712158,
                -0.061935972422361374,
                -0.06777391582727432,
                0.6326173543930054
            ],
            [
                0.07323384284973145,
                0.9810342192649841,
                0.17946772277355194,
                -0.16698138415813446
            ]
        ]
    },
    {
        "file_path": "colmap_test/vine_sample_2/col_out/images_2/frame_00055.png",
        "transform": [
            [
                0.05528939515352249,
                -0.18540112674236298,
                0.9811062812805176,
                0.6833804249763489
            ],
            [
                0.9957568645477295,
                -0.062154944986104965,
                -0.06786052137613297,
                0.6387543678283691
            ],
            [
                0.07356201857328415,
                0.9806953072547913,
                0.18117792904376984,
                -0.17292466759681702
            ]
        ]
    },
    {
        "file_path": "colmap_test/vine_sample_2/col_out/images_2/frame_00056.png",
        "transform": [
            [
                0.055689260363578796,
                -0.19020359218120575,
                0.9801639318466187,
                0.6796814799308777
            ],
            [
                0.9956315755844116,
                -0.06310572475194931,
                -0.06881392002105713,
                0.6551846861839294
            ],
            [
                0.07494261115789413,
                0.9797143936157227,
                0.18585838377475739,
                -0.18883825838565826
            ]
        ]
    },
    {
        "file_path": "colmap_test/vine_sample_2/col_out/images_2/frame_00057.png",
        "transform": [
            [
                0.05552465841174126,
                -0.19301581382751465,
                0.9796233773231506,
                0.6777226328849792
            ],
            [
                0.9955739974975586,
                -0.0638069286942482,
                -0.06900065392255783,
                0.6618760228157043
            ],
            [
                0.07582496851682663,
                0.979118824005127,
                0.18861865997314453,
                -0.19711266458034515
            ]
        ]
    },
    {
        "file_path": "colmap_test/vine_sample_2/col_out/images_2/frame_00058.png",
        "transform": [
            [
                0.05366544798016548,
                -0.19761335849761963,
                0.9788100123405457,
                0.6777611374855042
            ],
            [
                0.9956313967704773,
                -0.06441572308540344,
                -0.06759269535541534,
                0.6701061725616455
            ],
            [
                0.07640796899795532,
                0.9781613349914551,
                0.19329315423965454,
                -0.21108084917068481
            ]
        ]
    },
    {
        "file_path": "colmap_test/vine_sample_2/col_out/images_2/frame_00059.png",
        "transform": [
            [
                0.05114217847585678,
                -0.20265962183475494,
                0.9779129028320312,
                0.6771470904350281
            ],
            [
                0.9957485198974609,
                -0.06476927548646927,
                -0.0654975175857544,
                0.6763678789138794
            ],
            [
                0.07661240547895432,
                0.9771049618721008,
                0.1984855681657791,
                -0.22414228320121765
            ]
        ]
    },
    {
        "file_path": "colmap_test/vine_sample_2/col_out/images_2/frame_00060.png",
        "transform": [
            [
                0.0475592277944088,
                -0.20318976044654846,
                0.9779836535453796,
                0.6808263659477234
            ],
            [
                0.9959588050842285,
                -0.06503106653690338,
                -0.06194446235895157,
                0.6811404228210449
            ],
            [
                0.07618580013513565,
                0.9769774675369263,
                0.19927577674388885,
                -0.23429717123508453
            ]
        ]
    },
    {
        "file_path": "colmap_test/vine_sample_2/col_out/images_2/frame_00062.png",
        "transform": [
            [
                0.040148310363292694,
                -0.19470039010047913,
                0.9800407886505127,
                0.6857054829597473
            ],
            [
                0.9965053796768188,
                -0.06409916281700134,
                -0.05355709791183472,
                0.6895256042480469
            ],
            [
                0.07324737310409546,
                0.9787660837173462,
                0.19144649803638458,
                -0.24800968170166016
            ]
        ]
    },
    {
        "file_path": "colmap_test/vine_sample_2/col_out/images_2/frame_00063.png",
        "transform": [
            [
                0.0407666377723217,
                -0.18787351250648499,
                0.981346845626831,
                0.6867899298667908
            ],
            [
                0.9965830445289612,
                -0.06296701729297638,
                -0.05345425754785538,
                0.6923641562461853
            ],
            [
                0.07183512300252914,
                0.980172872543335,
                0.18466459214687347,
                -0.2523217797279358
            ]
        ]
    },
    {
        "file_path": "colmap_test/vine_sample_2/col_out/images_2/frame_00064.png",
        "transform": [
            [
                0.04281315580010414,
                -0.17241503298282623,
                0.9840935468673706,
                0.6905052661895752
            ],
            [
                0.9965894222259521,
                -0.06218033283948898,
                -0.054250895977020264,
                0.6958640813827515
            ],
            [
                0.07054492831230164,
                0.9830598831176758,
                0.16916486620903015,
                -0.2564527094364166
            ]
        ]
    },
    {
        "file_path": "colmap_test/vine_sample_2/col_out/images_2/frame_00065.png",
        "transform": [
            [
                0.04657256603240967,
                -0.15601778030395508,
                0.9866557717323303,
                0.6912870407104492
            ],
            [
                0.9964436888694763,
                -0.06217815354466438,
                -0.056866686791181564,
                0.6983497738838196
            ],
            [
                0.07022063434123993,
                0.9857953190803528,
                0.15256711840629578,
                -0.2588012218475342
            ]
        ]
    },
    {
        "file_path": "colmap_test/vine_sample_2/col_out/images_2/frame_00066.png",
        "transform": [
            [
                0.05143415927886963,
                -0.13293668627738953,
                0.9897891283035278,
                0.6915422081947327
            ],
            [
                0.9962032437324524,
                -0.06287669390439987,
                -0.06021232157945633,
                0.7009839415550232
            ],
            [
                0.0702390968799591,
                0.989128053188324,
                0.12919797003269196,
                -0.26174262166023254
            ]
        ]
    },
    {
        "file_path": "colmap_test/vine_sample_2/col_out/images_2/frame_00067.png",
        "transform": [
            [
                0.054063960909843445,
                -0.1202552393078804,
                0.9912697672843933,
                0.6912265419960022
            ],
            [
                0.9960436224937439,
                -0.06362205743789673,
                -0.06204259768128395,
                0.701972484588623
            ],
            [
                0.0705275610089302,
                0.990702211856842,
                0.1163397952914238,
                -0.2634947597980499
            ]
        ]
    },
    {
