[
    {
        "file_path": "colmap_test/vine_sample_2/col_out/images_2/frame_00011.png",
        "transform": [
            [
                0.32007741928100586,
                -0.010127753019332886,
                0.94733726978302,
                0.6642881035804749
            ],
            [
                0.946996808052063,
                -0.025436505675315857,
                -0.3202343285083771,
                0.6216560006141663
            ],
            [
                0.027340203523635864,
                0.9996252059936523,
                0.001449311152100563,
                -0.016329294070601463
            ]
        ]
    },
    {
        "file_path": "colmap_test/vine_sample_2/col_out/images_2/frame_00021.png",
        "transform": [
            [
                0.3175189793109894,
                -0.04235617816448212,
                0.9473055601119995,
                0.6520857810974121
            ],
            [
                0.9473921656608582,
                -0.02836131677031517,
                -0.3188161253929138,
                0.6234028339385986
            ],
            [
                0.04037065804004669,
                0.9987000226974487,
                0.03112265095114708,
                -0.029544701799750328
            ]
        ]
    },
    {
        "file_path": "colmap_test/vine_sample_2/col_out/images_2/frame_00031.png",
        "transform": [
            [
                0.12344774603843689,
                -0.08508554100990295,
                0.9886966943740845,
                0.691034734249115
            ],
            [
                0.9901838302612305,
                -0.05524946004152298,
                -0.12838810682296753,
                0.6354106664657593
            ],
            [
                0.06554892659187317,
                0.9948407411575317,
                0.07742990553379059,
                -0.03618292883038521
            ]
        ]
    },
    {
        "file_path": "colmap_test/vine_sample_2/col_out/images_2/frame_00041.png",
        "transform": [
            [
                0.0006043240427970886,
                -0.09208782762289047,
                0.9957507848739624,
                0.7429020404815674
            ],
            [
                0.9978375434875488,
                -0.06539041548967361,
                -0.006652954965829849,
                0.6148812174797058
            ],
            [
                0.06572519987821579,
                0.9936015605926514,
                0.0918491780757904,
                -0.041533660143613815
            ]
        ]
    },
    {
        "file_path": "colmap_test/vine_sample_2/col_out/images_2/frame_00051.png",
        "transform": [
            [
                0.061473943293094635,
                -0.17510031163692474,
                0.9826295971870422,
                0.7066158652305603
            ],
            [
                0.9954198598861694,
                -0.06145983561873436,
                -0.07322598248720169,
                0.6031163334846497
            ],
            [
                0.07321414351463318,
                0.9826304912567139,
                0.1705201417207718,
                -0.14447638392448425
            ]
        ]
    },
    {
        "file_path": "colmap_test/vine_sample_2/col_out/images_2/frame_00061.png",
        "transform": [
            [
                0.04068479686975479,
                -0.19757868349552155,
                0.9794424772262573,
                0.6875230669975281
            ],
            [
                0.9964261651039124,
                -0.06459973007440567,
                -0.054421715438365936,
                0.6865851879119873
            ],
            [
                0.07402428239583969,
                0.9781562089920044,
                0.1942443549633026,
                -0.24435700476169586
            ]
        ]
    },
    {
        "file_path": "colmap_test/vine_sample_2/col_out/images_2/frame_00071.png",
        "transform": [
            [
                0.05854688212275505,
                -0.03375476226210594,
                0.9977138638496399,
                0.7018214464187622
            ],
            [
                0.9956625699996948,
                -0.07041516155004501,
                -0.060808803886175156,
                0.7043024301528931
            ],
            [
                0.07230676710605621,
                0.9969465136528015,
                0.029485754668712616,
                -0.2744523286819458
            ]
        ]
    },
    {
        "file_path": "colmap_test/vine_sample_2/col_out/images_2/frame_00081.png",
        "transform": [
            [
                0.07403004169464111,
                0.13280151784420013,
                0.9883741140365601,
                0.739220380783081
            ],
            [
                0.9943544864654541,
                -0.08537760376930237,
                -0.06300633400678635,
                0.7160407900810242
            ],
            [
                0.07601767033338547,
                0.9874585866928101,
                -0.1383723020553589,
                -0.2339053750038147
            ]
        ]
    },
    {
        "file_path": "colmap_test/vine_sample_2/col_out/images_2/frame_00091.png",
        "transform": [
            [
                -0.0318705290555954,
                -0.0556347519159317,
                0.9979423880577087,
                0.7600095272064209
            ],
            [
                0.9959107041358948,
                -0.08621378242969513,
                0.026999272406101227,
                0.6966570019721985
            ],
            [
                0.08453428745269775,
                0.9947221279144287,
                0.05815491825342178,
                -0.20282551646232605
            ]
        ]
    },
    {
        "file_path": "colmap_test/vine_sample_2/col_out/images_2/frame_00101.png",
        "transform": [
            [
                -0.17664536833763123,
                -0.04128499701619148,
                0.9834083914756775,
                0.7849080562591553
            ],
            [
                0.97566157579422,
                -0.13923081755638123,
                0.16940870881080627,
                0.6492651104927063
            ],
            [
                0.12992671132087708,
                0.9893989562988281,
                0.06487466394901276,
                -0.19411185383796692
            ]
        ]
    },
    {
        "file_path": "colmap_test/vine_sample_2/col_out/images_2/frame_00111.png",
        "transform": [
            [
                -0.05518786236643791,
                0.08475658297538757,
                0.9948721528053284,
                0.7634371519088745
            ],
            [
                0.9867562055587769,
                -0.1475854068994522,
                0.06731095910072327,
                0.5744419097900391
            ],
            [
                0.1525336652994156,
                0.9854110479354858,
                -0.07548917829990387,
                -0.10731316357851028
            ]
        ]
    },
    {
        "file_path": "colmap_test/vine_sample_2/col_out/images_2/frame_00121.png",
        "transform": [
            [
                0.04432409629225731,
                0.06540106981992722,
                0.996874213218689,
                0.7349197268486023
            ],
            [
                0.9869112968444824,
                -0.15773911774158478,
                -0.03353246673941612,
                0.480033278465271
            ],
            [
                0.15505298972129822,
                0.9853127002716064,
                -0.07153670489788055,
                -0.10930530726909637
            ]
        ]
    },
    {
        "file_path": "colmap_test/vine_sample_2/col_out/images_2/frame_00131.png",
        "transform": [
            [
                0.019970323890447617,
                -0.06160235404968262,
                0.9979010224342346,
                0.5748521685600281
            ],
            [
                0.9765245318412781,
                -0.21291179955005646,
                -0.032685983926057816,
                0.45904242992401123
            ],
            [
                0.21447841823101044,
                0.9751275777816772,
                0.05590428411960602,
                -0.09471054375171661
            ]
        ]
    },
    {
        "file_path": "colmap_test/vine_sample_2/col_out/images_2/frame_00141.png",
        "transform": [
            [
                0.14428658783435822,
                -0.08248749375343323,
                0.9860919713973999,
                0.4223596453666687
            ],
            [
                0.9796711802482605,
                -0.1284521222114563,
                -0.1540922224521637,
                0.30230608582496643
            ],
            [
                0.13937628269195557,
                0.9882793426513672,
                0.062276698648929596,
                -0.07781586796045303
            ]
        ]
    },
    {
        "file_path": "colmap_test/vine_sample_2/col_out/images_2/frame_00151.png",
        "transform": [
            [
                0.12863633036613464,
                -0.33442583680152893,
                0.9336017370223999,
                0.1822139173746109
            ],
            [
                0.9786173701286316,
                -0.1095576286315918,
                -0.17408350110054016,
                0.1840294897556305
            ],
            [
                0.16050119698047638,
                0.9360324144363403,
                0.3131818473339081,
                -0.09090556204319
            ]
        ]
    },
    {
        "file_path": "colmap_test/vine_sample_2/col_out/images_2/frame_00161.png",
        "transform": [
            [
                0.3487899601459503,
                -0.15352028608322144,
                0.9245415925979614,
                0.08149376511573792
            ],
            [
                0.9370130896568298,
                0.07687359303236008,
                -0.3407300114631653,
                0.05545022711157799
            ],
            [
                -0.018763870000839233,
                0.9851507544517517,
                0.1706632375717163,
                -0.03659115731716156
            ]
        ]
    },
    {
        "file_path": "colmap_test/vine_sample_2/col_out/images_2/frame_00171.png",
        "transform": [
            [
                0.14432774484157562,
                -0.014202353544533253,
                0.9894280433654785,
                -0.085917167365551
            ],
            [
                0.9869939088821411,
                -0.06947436183691025,
                -0.14496992528438568,
                -0.05357734486460686
            ],
            [
                0.07079879194498062,
                0.9974827170372009,
                0.0039905584417283535,
                0.02987765334546566
            ]
        ]
    },
    {
        "file_path": "colmap_test/vine_sample_2/col_out/images_2/frame_00181.png",
        "transform": [
            [
                0.33865389227867126,
                0.10679907351732254,
                0.9348301887512207,
                -0.22030247747898102
            ],
            [
                0.9408114552497864,
                -0.05288741737604141,
                -0.3347785770893097,
                -0.21854740381240845
            ],
            [
                0.013686705380678177,
                0.9928730726242065,
                -0.1183883398771286,
                0.0672321543097496
            ]
        ]
    },
    {
        "file_path": "colmap_test/vine_sample_2/col_out/images_2/frame_00191.png",
        "transform": [
            [
                0.5293891429901123,
                0.03821921348571777,
                0.8475178480148315,
                -0.25975796580314636
            ],
            [
                0.8478434085845947,
                0.011662028729915619,
                -0.5301184058189392,
                -0.1974908709526062
            ],
            [
                -0.030144482851028442,
                0.9992012977600098,
                -0.026230167597532272,
                0.058931365609169006
            ]
        ]
    },
    {
        "file_path": "colmap_test/vine_sample_2/col_out/images_2/frame_00201.png",
        "transform": [
            [
                0.3722747564315796,
                -0.13198649883270264,
                0.9186898469924927,
                -0.2625989615917206
            ],
            [
                0.9281185865402222,
                0.05004653334617615,
                -0.3689054250717163,
                -0.16745628416538239
            ],
            [
                0.0027132779359817505,
                0.9899873733520508,
                0.14113016426563263,
                0.045745186507701874
            ]
        ]
    },
    {
        "file_path": "colmap_test/vine_sample_2/col_out/images_2/frame_00211.png",
        "transform": [
            [
                0.17656028270721436,
                -0.0635496973991394,
                0.9822361469268799,
                -0.23355074226856232
            ],
            [
                0.9828579425811768,
                -0.042423952370882034,
                -0.17941683530807495,
                -0.16218684613704681
            ],
            [
                0.05307222157716751,
                0.9970765709877014,
                0.05496992543339729,
                0.03599657490849495
            ]
        ]
    },
    {
        "file_path": "colmap_test/vine_sample_2/col_out/images_2/frame_00221.png",
        "transform": [
            [
                0.24832002818584442,
                0.08747769892215729,
                0.9647200703620911,
                -0.2730255126953125
            ],
            [
                0.9645840525627136,
                -0.11379600316286087,
                -0.2379663586616516,
                -0.2980383634567261
            ],
            [
                0.08896452933549881,
                0.9896454811096191,
                -0.11263741552829742,
                0.07421795278787613
            ]
        ]
    },
    {
        "file_path": "colmap_test/vine_sample_2/col_out/images_2/frame_00231.png",
        "transform": [
            [
                0.4503743052482605,
                0.03383287414908409,
                0.8921986222267151,
                -0.3203226625919342
            ],
            [
                0.8898955583572388,
                -0.09809625148773193,
                -0.4454919099807739,
                -0.33686354756355286
            ],
            [
                0.07244905829429626,
                0.9946016669273376,
                -0.07428775727748871,
                0.08568809181451797
            ]
        ]
    },
    {
        "file_path": "colmap_test/vine_sample_2/col_out/images_2/frame_00241.png",
        "transform": [
            [
                0.5952999591827393,
                -0.12561877071857452,
                0.7936233282089233,
                -0.23765772581100464
            ],
            [
                0.8014355301856995,
                0.02200910449028015,
                -0.597676157951355,
                -0.22403651475906372
            ],
            [
                0.05761238932609558,
                0.9918344616889954,
                0.11377736926078796,
                0.02068564109504223
            ]
        ]
    },
    {
        "file_path": "colmap_test/vine_sample_2/col_out/images_2/frame_00251.png",
        "transform": [
            [
                0.6460411548614502,
                -0.1686175912618637,
                0.7444453835487366,
                -0.29117491841316223
            ],
            [
                0.7623608708381653,
                0.19096890091896057,
                -0.6183338761329651,
                -0.2779509127140045
            ],
            [
                -0.03790393844246864,
                0.9670051336288452,
                0.2519212067127228,
                -0.0046065631322562695
            ]
        ]
    },
    {
        "file_path": "colmap_test/vine_sample_2/col_out/images_2/frame_00261.png",
        "transform": [
            [
                0.7272453308105469,
                -0.10305193811655045,
                0.6785975694656372,
                -0.4539351165294647
            ],
            [
                0.6827767491340637,
                0.20975272357463837,
                -0.6998711824417114,
                -0.3236882984638214
            ],
            [
                -0.07021461427211761,
                0.9723086357116699,
                0.22290316224098206,
                0.046136580407619476
            ]
        ]
    },
    {
        "file_path": "colmap_test/vine_sample_2/col_out/images_2/frame_00271.png",
        "transform": [
            [
                0.9199965596199036,
                0.10821671783924103,
                0.37669023871421814,
                -0.627030611038208
            ],
            [
                0.3386249244213104,
                0.2644389867782593,
                -0.9029979109764099,
                -0.46760112047195435
            ],
            [
                -0.19733105599880219,
                0.9583116173744202,
                0.20663803815841675,
                0.11357557773590088
            ]
        ]
    },
    {
        "file_path": "colmap_test/vine_sample_2/col_out/images_2/frame_00281.png",
        "transform": [
            [
                0.960660457611084,
                0.26760876178741455,
                0.07427725195884705,
                -0.77752685546875
            ],
            [
                0.028683386743068695,
                0.17041566967964172,
                -0.9849547147750854,
                -0.6987034678459167
            ],
            [
                -0.2762405574321747,
                0.9483375549316406,
                0.15603569149971008,
                0.14743250608444214
            ]
        ]
    },
    {
        "file_path": "colmap_test/vine_sample_2/col_out/images_2/frame_00291.png",
        "transform": [
            [
                0.9608567953109741,
                0.2532317042350769,
                0.11237451434135437,
                -0.911692202091217
            ],
            [
                0.10300132632255554,
                0.05001697689294815,
                -0.9934228658676147,
                -0.8132255673408508
            ],
            [
                -0.25718680024147034,
                0.9661118388175964,
                0.02197594940662384,
                0.21103428304195404
            ]
        ]
    },
    {
        "file_path": "colmap_test/vine_sample_2/col_out/images_2/frame_00301.png",
        "transform": [
            [
                0.8809303641319275,
                0.1801392287015915,
                0.4376203119754791,
                -0.9643425941467285
            ],
            [
                0.4425818920135498,
                0.01385430246591568,
                -0.89662104845047,
                -0.8449227213859558
            ],
            [
                -0.1675795316696167,
                0.9835435748100281,
                -0.06752167642116547,
                0.22179847955703735
            ]
        ]
    },
    {
        "file_path": "colmap_test/vine_sample_2/col_out/images_2/frame_00311.png",
        "transform": [
            [
                0.8116658329963684,
                0.07617823779582977,
                0.5791333913803101,
                -0.9998023509979248
            ],
            [
                0.5730084776878357,
                0.08864180743694305,
                -0.8147416114807129,
                -0.8550074100494385
            ],
            [
                -0.11340100318193436,
                0.9931462407112122,
                0.028296753764152527,
                0.19939681887626648
            ]
        ]
    },
    {
        "file_path": "colmap_test/vine_sample_2/col_out/images_2/frame_00321.png",
        "transform": [
            [
                0.8607580661773682,
                0.03316936641931534,
                0.5079323649406433,
                -0.9949479103088379
            ],
            [
                0.491822749376297,
                0.2029534876346588,
                -0.8467114567756653,
                -0.8449608087539673
            ],
            [
                -0.1311715841293335,
                0.9786264300346375,
                0.1583804190158844,
                0.17658723890781403
            ]
        ]
    },
    {
        "file_path": "colmap_test/vine_sample_2/col_out/images_2/frame_00331.png",
        "transform": [
            [
                0.9220924377441406,
                0.10616612434387207,
                0.3721214830875397,
                -0.9261205196380615
            ],
            [
                0.3286283612251282,
                0.29291653633117676,
                -0.8978883028030396,
                -0.8247524499893188
            ],
            [
                -0.2043258547782898,
                0.9502256512641907,
                0.23520691692829132,
                0.16277259588241577
            ]
        ]
    },
    {
        "file_path": "colmap_test/vine_sample_2/col_out/images_2/frame_00341.png",
        "transform": [
            [
                0.942598283290863,
                0.24760837852954865,
                0.22405056655406952,
                -0.8543923497200012
            ],
            [
                0.19329164922237396,
                0.14254918694496155,
                -0.970730721950531,
                -0.8178300857543945
            ],
            [
                -0.27229925990104675,
                0.9583162069320679,
                0.08650599420070648,
                0.16728463768959045
            ]
        ]
    },
    {
        "file_path": "colmap_test/vine_sample_2/col_out/images_2/frame_00351.png",
        "transform": [
            [
                0.9541375041007996,
                0.24829250574111938,
                0.1672498732805252,
                -0.8243170976638794
            ],
            [
                0.1632845103740692,
                0.03663244843482971,
                -0.9858986735343933,
                -0.8066440224647522
            ],
            [
                -0.25091803073883057,
                0.9679922461509705,
                -0.005589917302131653,
                0.15839752554893494
            ]
        ]
    }
]