{
    "camera_type": "perspective",
    "render_height": 810,
    "render_width": 1080,
    "seconds": 352,
    "camera_path": [
        {
            "camera_to_world": [
                [
                    0.2545924782752991,
                    -0.05840585380792618,
                    0.9652830958366394,
                    0.6458945870399475
                ],
                [
                    0.9665166735649109,
                    -0.017730027437210083,
                    -0.2559906244277954,
                    0.5945144295692444
                ],
                [
                    0.03206584230065346,
                    0.998135507106781,
                    0.05193624645471573,
                    -0.027155131101608276
                ],
                [
                    0,
                    0,
                    0,
                    1
                ]
            ],
            "fov": 50,
            "aspect": 1
        },
        {
            "camera_to_world": [
                [
                    0.26342058181762695,
                    -0.05079459398984909,
                    0.9633429050445557,
                    0.647720217704773
                ],
                [
                    0.9641677737236023,
                    -0.018710602074861526,
                    -0.2646326720714569,
                    0.5969234108924866
                ],
                [
                    0.03146663308143616,
                    0.9985339045524597,
                    0.04404570162296295,
                    -0.025999141857028008
                ],
                [
                    0,
                    0,
                    0,
                    1
                ]
            ],
            "fov": 50,
            "aspect": 1
        },
        {
            "camera_to_world": [
                [
                    0.2725355625152588,
                    -0.04223552346229553,
                    0.9612182378768921,
                    0.6493263840675354
                ],
                [
                    0.9616504907608032,
                    -0.020090829581022263,
                    -0.2735409140586853,
                    0.5996906757354736
                ],
                [
                    0.030864808708429337,
                    0.9989057183265686,
                    0.03514029085636139,
                    -0.024578101933002472
                ],
                [
                    0,
                    0,
                    0,
                    1
                ]
            ],
            "fov": 50,
            "aspect": 1
        },
        {
            "camera_to_world": [
                [
                    0.2803230881690979,
                    -0.03582189232110977,
                    0.9592370986938477,
                    0.6512726545333862
                ],
                [
                    0.9594280123710632,
                    -0.02106543257832527,
                    -0.28116554021835327,
                    0.6030896902084351
                ],
                [
                    0.030278615653514862,
                    0.9991361498832703,
                    0.028463365510106087,
                    -0.02272794581949711
                ],
                [
                    0,
                    0,
                    0,
                    1
                ]
            ],
            "fov": 50,
            "aspect": 1
        },
        {
            "camera_to_world": [
                [
                    0.28730034828186035,
                    -0.030371084809303284,
                    0.9573590159416199,
                    0.6526750326156616
                ],
                [
                    0.9573912024497986,
                    -0.021507572382688522,
                    -0.28799229860305786,
                    0.6052312254905701
                ],
                [
                    0.029337100684642792,
                    0.9993072748184204,
                    0.022897832095623016,
                    -0.020416084676980972
                ],
                [
                    0,
                    0,
                    0,
                    1
                ]
            ],
            "fov": 50,
            "aspect": 1
        },
        {
            "camera_to_world": [
                [
                    0.2942879796028137,
                    -0.02573709562420845,
                    0.9553701877593994,
                    0.6554610133171082
                ],
                [
                    0.9552896618843079,
                    -0.021963421255350113,
                    -0.2948548495769501,
                    0.6063295006752014
                ],
                [
                    0.02857189252972603,
                    0.9994274377822876,
                    0.01812276430428028,
                    -0.017859112471342087
                ],
                [
                    0,
                    0,
                    0,
                    1
                ]
            ],
            "fov": 50,
            "aspect": 1
        },
        {
            "camera_to_world": [
                [
                    0.30105510354042053,
                    -0.021589580923318863,
                    0.9533624053001404,
                    0.6580249667167664
                ],
                [
                    0.9531981348991394,
                    -0.0224507637321949,
                    -0.30151164531707764,
                    0.6073578596115112
                ],
                [
                    0.02791322022676468,
                    0.9995148181915283,
                    0.01382019929587841,
                    -0.016279278323054314
                ],
                [
                    0,
                    0,
                    0,
                    1
                ]
            ],
            "fov": 50,
            "aspect": 1
        },
        {
            "camera_to_world": [
                [
                    0.3079344928264618,
                    -0.01790430396795273,
                    0.9512391686439514,
                    0.6606599688529968
                ],
                [
                    0.9510093331336975,
                    -0.023133859038352966,
                    -0.3082955479621887,
                    0.6079621911048889
                ],
                [
                    0.027525637298822403,
                    0.9995720386505127,
                    0.00990341231226921,
                    -0.015385282225906849
                ],
                [
                    0,
                    0,
                    0,
                    1
                ]
            ],
            "fov": 50,
            "aspect": 1
        },
        {
            "camera_to_world": [
                [
                    0.3149649202823639,
                    -0.014668934047222137,
                    0.9489899277687073,
                    0.6621425151824951
                ],
                [
                    0.9487101435661316,
                    -0.0239102765917778,
                    -0.31524166464805603,
                    0.6077309846878052
                ],
                [
                    0.027314860373735428,
                    0.9996064901351929,
                    0.006385626271367073,
                    -0.01506089884787798
                ],
                [
                    0,
                    0,
                    0,
                    1
                ]
            ],
            "fov": 50,
            "aspect": 1
        },
        {
            "camera_to_world": [
                [
                    0.32174408435821533,
                    -0.012227335013449192,
                    0.9467477798461914,
                    0.6622399091720581
                ],
                [
                    0.946435272693634,
                    -0.024593889713287354,
                    -0.3219555616378784,
                    0.6077002882957458
                ],
                [
                    0.02722086012363434,
                    0.9996228218078613,
                    0.0036594029515981674,
                    -0.015021908096969128
                ],
                [
                    0,
                    0,
                    0,
                    1
                ]
            ],
            "fov": 50,
            "aspect": 1
        },
        {
            "camera_to_world": [
                [
                    0.32870349287986755,
                    -0.010622772388160229,
                    0.9443734288215637,
                    0.6643029451370239
                ],
                [
                    0.9440404176712036,
                    -0.025140486657619476,
                    -0.32887035608291626,
                    0.6092566847801208
                ],
                [
                    0.02723551169037819,
                    0.9996274709701538,
                    0.0017645061016082764,
                    -0.015031526796519756
                ],
                [
                    0,
                    0,
                    0,
                    1
                ]
            ],
            "fov": 50,
            "aspect": 1
        },
        {
            "camera_to_world": [
                [
                    0.33762404322624207,
                    -0.009379055351018906,
                    0.9412344098091125,
                    0.6645979285240173
                ],
                [
                    0.9408851861953735,
                    -0.02563583478331566,
                    -0.3377542495727539,
                    0.6115549802780151
                ],
                [
                    0.027297139167785645,
                    0.9996273517608643,
                    0.00016929209232330322,
                    -0.016108287498354912
                ],
                [
                    0,
                    0,
                    0,
                    1
                ]
            ],
            "fov": 50,
            "aspect": 1
        },
        {
            "camera_to_world": [
                [
                    0.34638166427612305,
                    -0.009783976711332798,
                    0.9380427002906799,
                    0.6610124707221985
                ],
                [
                    0.9376863837242126,
                    -0.025851864367723465,
                    -0.34651973843574524,
                    0.6139485239982605
                ],
                [
                    0.02764047309756279,
                    0.9996179938316345,
                    0.00021963752806186676,
                    -0.01617364212870598
                ],
                [
                    0,
                    0,
                    0,
                    1
                ]
            ],
            "fov": 50,
            "aspect": 1
        },
        {
            "camera_to_world": [
                [
                    0.3507291078567505,
                    -0.010903557762503624,
                    0.9364135265350342,
                    0.6595345735549927
                ],
                [
                    0.9360542893409729,
                    -0.025957930833101273,
                    -0.35089683532714844,
                    0.6146324872970581
                ],
                [
                    0.028133373707532883,
                    0.9996035695075989,
                    0.0011020749807357788,
                    -0.016775351017713547
                ],
                [
                    0,
                    0,
                    0,
                    1
                ]
            ],
            "fov": 50,
            "aspect": 1
        },
        {
            "camera_to_world": [
                [
                    0.3523254692554474,
                    -0.01262056827545166,
                    0.9357925057411194,
                    0.6575702428817749
                ],
                [
                    0.9354287385940552,
                    -0.026214104145765305,
                    -0.35254207253456116,
                    0.6153801679611206
                ],
                [
                    0.02898022159934044,
                    0.99957674741745,
                    0.0025696903467178345,
                    -0.018913382664322853
                ],
                [
                    0,
                    0,
                    0,
                    1
                ]
            ],
            "fov": 50,
            "aspect": 1
        },
        {
            "camera_to_world": [
                [
                    0.3519369065761566,
                    -0.016099698841571808,
                    0.9358852505683899,
                    0.6561008095741272
                ],
                [
                    0.9355312585830688,
                    -0.02637920156121254,
                    -0.35225754976272583,
                    0.6154439449310303
                ],
                [
                    0.030359134078025818,
                    0.9995223879814148,
                    0.005777904763817787,
                    -0.019166724756360054
                ],
                [
                    0,
                    0,
                    0,
                    1
                ]
            ],
            "fov": 50,
            "aspect": 1
        },
        {
            "camera_to_world": [
                [
                    0.3501933813095093,
                    -0.020255960524082184,
                    0.93645840883255,
                    0.6556500792503357
                ],
                [
                    0.9361209869384766,
                    -0.02688739448785782,
                    -0.35064882040023804,
                    0.6155686378479004
                ],
                [
                    0.03228164091706276,
                    0.9994332790374756,
                    0.009546184912323952,
                    -0.0194733664393425
                ],
                [
                    0,
                    0,
                    0,
                    1
                ]
            ],
            "fov": 50,
            "aspect": 1
        },
        {
            "camera_to_world": [
                [
                    0.3487089276313782,
                    -0.022610878571867943,
                    0.9369583129882812,
                    0.6547425389289856
                ],
                [
                    0.9366422891616821,
                    -0.027022749185562134,
                    -0.3492434322834015,
                    0.6149351596832275
                ],
                [
                    0.03321587294340134,
                    0.99937903881073,
                    0.011755181476473808,
                    -0.02030838467180729
                ],
                [
                    0,
                    0,
                    0,
                    1
                ]
            ],
            "fov": 50,
            "aspect": 1
        },
        {
            "camera_to_world": [
                [
                    0.34363919496536255,
                    -0.027888502925634384,
                    0.9386876225471497,
                    0.6542547345161438
                ],
                [
                    0.9384349584579468,
                    -0.02746330201625824,
                    -0.34436267614364624,
                    0.6137223839759827
                ],
                [
                    0.0353832021355629,
                    0.9992337226867676,
                    0.01673402078449726,
                    -0.02263125590980053
                ],
                [
                    0,
                    0,
                    0,
                    1
                ]
            ],
            "fov": 50,
            "aspect": 1
        },
        {
            "camera_to_world": [
                [
                    0.3358749449253082,
                    -0.035288404673337936,
                    0.9412453770637512,
                    0.6546815037727356
                ],
                [
                    0.941135048866272,
                    -0.02786559984087944,
                    -0.33688029646873474,
                    0.6122552156448364
                ],
                [
                    0.038116320967674255,
                    0.998988687992096,
                    0.02385174296796322,
                    -0.025064576417207718
                ],
                [
                    0,
                    0,
                    0,
                    1
                ]
            ],
            "fov": 50,
            "aspect": 1
        },
        {
            "camera_to_world": [
                [
                    0.32593339681625366,
                    -0.04282341152429581,
                    0.9444224238395691,
                    0.6521489024162292
                ],
                [
                    0.9445445537567139,
                    -0.02755710482597351,
                    -0.32722505927085876,
                    0.6114911437034607
                ],
                [
                    0.04003842547535896,
                    0.9987025856971741,
                    0.03146678954362869,
                    -0.028030136600136757
                ],
                [
                    0,
                    0,
                    0,
                    1
                ]
            ],
            "fov": 50,
            "aspect": 1
        },
        {
            "camera_to_world": [
                [
                    0.31373509764671326,
                    -0.0485902838408947,
                    0.9482665061950684,
                    0.6533737182617188
                ],
                [
                    0.9485563039779663,
                    -0.028724007308483124,
                    -0.31530284881591797,
                    0.609816312789917
                ],
                [
                    0.04255865886807442,
                    0.9984057545661926,
                    0.03707883507013321,
                    -0.029795030131936073
                ],
                [
                    0,
                    0,
                    0,
                    1
                ]
            ],
            "fov": 50,
            "aspect": 1
        },
        {
            "camera_to_world": [
                [
                    0.3015574514865875,
                    -0.054476141929626465,
                    0.9518904685974121,
                    0.6534244418144226
                ],
                [
                    0.9523901343345642,
                    -0.029805433005094528,
                    -0.3034214973449707,
                    0.608250617980957
                ],
                [
                    0.04490072280168533,
                    0.9980701208114624,
                    0.04289444163441658,
                    -0.0309071596711874
                ],
                [
                    0,
                    0,
                    0,
                    1
                ]
            ],
            "fov": 50,
            "aspect": 1
        },
        {
            "camera_to_world": [
                [
                    0.28685513138771057,
                    -0.060422178357839584,
                    0.9560666084289551,
                    0.6535550951957703
                ],
                [
                    0.9568148255348206,
                    -0.031010743230581284,
                    -0.2890394330024719,
                    0.6077673435211182
                ],
                [
                    0.04711271822452545,
                    0.9976911544799805,
                    0.04891718924045563,
                    -0.031087476760149002
                ],
                [
                    0,
                    0,
                    0,
                    1
                ]
            ],
            "fov": 50,
            "aspect": 1
        },
        {
            "camera_to_world": [
                [
                    0.2704180181026459,
                    -0.06613623350858688,
                    0.9604687094688416,
                    0.6557303071022034
                ],
                [
                    0.9614570140838623,
                    -0.032995741814374924,
                    -0.2729682922363281,
                    0.6068121194839478
                ],
                [
                    0.049744464457035065,
                    0.9972648620605469,
                    0.05466445907950401,
                    -0.03152620047330856
                ],
                [
                    0,
                    0,
                    0,
                    1
                ]
            ],
            "fov": 50,
            "aspect": 1
        },
        {
            "camera_to_world": [
                [
                    0.25173747539520264,
                    -0.0715857520699501,
                    0.9651444554328918,
                    0.6584544777870178
                ],
                [
                    0.9663821458816528,
                    -0.035284582525491714,
                    -0.254677414894104,
                    0.6069454550743103
                ],
                [
                    0.05228598043322563,
                    0.9968101978302002,
                    0.06029670313000679,
                    -0.033408116549253464
                ],
                [
                    0,
                    0,
                    0,
                    1
                ]
            ],
            "fov": 50,
            "aspect": 1
        },
        {
            "camera_to_world": [
                [
                    0.23055002093315125,
                    -0.076703742146492,
                    0.9700326323509216,
                    0.6625791192054749
                ],
                [
                    0.9714961051940918,
                    -0.038360346108675,
                    -0.23393112421035767,
                    0.607978343963623
                ],
                [
                    0.05515417456626892,
                    0.9963157773017883,
                    0.0656733587384224,
                    -0.03418921306729317
                ],
                [
                    0,
                    0,
                    0,
                    1
                ]
            ],
            "fov": 50,
            "aspect": 1
        },
        {
            "camera_to_world": [
                [
                    0.20819354057312012,
                    -0.08061760663986206,
                    0.9747596383094788,
                    0.665751576423645
                ],
                [
                    0.9763878583908081,
                    -0.04159922152757645,
                    -0.21198177337646484,
                    0.611165463924408
                ],
                [
                    0.05763870105147362,
                    0.9958767294883728,
                    0.07005330920219421,
                    -0.03477637842297554
                ],
                [
                    0,
                    0,
                    0,
                    1
                ]
            ],
            "fov": 50,
            "aspect": 1
        },
        {
            "camera_to_world": [
                [
                    0.18514606356620789,
                    -0.0835428312420845,
                    0.9791535139083862,
                    0.6722251772880554
                ],
                [
                    0.9808629751205444,
                    -0.04536614939570427,
                    -0.1893400251865387,
                    0.6143051981925964
                ],
                [
                    0.060238420963287354,
                    0.9954710006713867,
                    0.07354467362165451,
                    -0.0355561263859272
                ],
                [
                    0,
                    0,
                    0,
                    1
                ]
            ],
            "fov": 50,
            "aspect": 1
        },
        {
            "camera_to_world": [
                [
                    0.1604296863079071,
                    -0.08573523163795471,
                    0.9833168387413025,
                    0.6802482008934021
                ],
                [
                    0.9850286245346069,
                    -0.049774929881095886,
                    -0.16504885256290436,
                    0.6187911629676819
                ],
                [
                    0.06309502571821213,
                    0.9950737953186035,
                    0.07646623998880386,
                    -0.03635646775364876
                ],
                [
                    0,
                    0,
                    0,
                    1
                ]
            ],
            "fov": 50,
            "aspect": 1
        },
        {
            "camera_to_world": [
                [
                    0.1325404793024063,
                    -0.08587668836116791,
                    0.9874504208564758,
                    0.6916695237159729
                ],
                [
                    0.9890438318252563,
                    -0.053875673562288284,
                    -0.13743983209133148,
                    0.622530460357666
                ],
                [
                    0.0650024339556694,
                    0.9948480725288391,
                    0.07779504358768463,
                    -0.034376583993434906
                ],
                [
                    0,
                    0,
                    0,
                    1
                ]
            ],
            "fov": 50,
            "aspect": 1
        },
        {
            "camera_to_world": [
                [
                    0.10485485196113586,
                    -0.08433397859334946,
                    0.9909052848815918,
                    0.7015866637229919
                ],
                [
                    0.9922375679016113,
                    -0.058116018772125244,
                    -0.10994195938110352,
                    0.6252825260162354
                ],
                [
                    0.06685931980609894,
                    0.9947413206100464,
                    0.07758555561304092,
                    -0.03263336420059204
                ],
                [
                    0,
                    0,
                    0,
                    1
                ]
            ],
            "fov": 50,
            "aspect": 1
        },
        {
            "camera_to_world": [
                [
                    0.08184215426445007,
                    -0.08339345455169678,
                    0.9931503534317017,
                    0.7083590626716614
                ],
                [
                    0.9942730069160461,
                    -0.061881985515356064,
                    -0.0871308371424675,
                    0.6258363723754883
                ],
                [
                    0.06872425973415375,
                    0.9945935010910034,
                    0.07785127311944962,
                    -0.03187268599867821
                ],
                [
                    0,
                    0,
                    0,
                    1
                ]
            ],
            "fov": 50,
            "aspect": 1
        },
        {
            "camera_to_world": [
                [
                    0.06147491931915283,
                    -0.08148764073848724,
                    0.9947766661643982,
                    0.7143998742103577
                ],
                [
                    0.9956557154655457,
                    -0.06482452899217606,
                    -0.06683937460184097,
                    0.6261312365531921
                ],
                [
                    0.06993251293897629,
                    0.9945639967918396,
                    0.07714848965406418,
                    -0.032516960054636
                ],
                [
                    0,
                    0,
                    0,
                    1
                ]
            ],
            "fov": 50,
            "aspect": 1
        },
        {
            "camera_to_world": [
                [
                    0.044611431658267975,
                    -0.07917352765798569,
                    0.9958621263504028,
                    0.7204430103302002
                ],
                [
                    0.9965344667434692,
                    -0.06652799248695374,
                    -0.04993069916963577,
                    0.626481294631958
                ],
                [
                    0.07020590454339981,
                    0.9946384429931641,
                    0.07593119889497757,
                    -0.03225645795464516
                ],
                [
                    0,
                    0,
                    0,
                    1
                ]
            ],
            "fov": 50,
            "aspect": 1
        },
        {
            "camera_to_world": [
                [
                    0.029523974284529686,
                    -0.07505188882350922,
                    0.9967424869537354,
                    0.7296549081802368
                ],
                [
                    0.9971297383308411,
                    -0.06734044849872589,
                    -0.03460599482059479,
                    0.6259405612945557
                ],
                [
                    0.06971833109855652,
                    0.9949033260345459,
                    0.07284826785326004,
                    -0.03059227764606476
                ],
                [
                    0,
                    0,
                    0,
                    1
                ]
            ],
            "fov": 50,
            "aspect": 1
        },
        {
            "camera_to_world": [
                [
                    0.017673779278993607,
                    -0.07275157421827316,
                    0.9971935749053955,
                    0.7365281581878662
                ],
                [
                    0.9974841475486755,
                    -0.06719690561294556,
                    -0.022581376135349274,
                    0.6252614855766296
                ],
                [
                    0.06865115463733673,
                    0.9950838685035706,
                    0.07138088345527649,
                    -0.02837635949254036
                ],
                [
                    0,
                    0,
                    0,
                    1
                ]
            ],
            "fov": 50,
            "aspect": 1
        },
        {
            "camera_to_world": [
                [
                    0.011045984923839569,
                    -0.07372923940420151,
                    0.9972171783447266,
                    0.7374629378318787
                ],
                [
                    0.997656524181366,
                    -0.06653247773647308,
                    -0.015969939529895782,
                    0.6230364441871643
                ],
                [
                    0.06752478331327438,
                    0.9950565099716187,
                    0.07282149791717529,
                    -0.028469761833548546
                ],
                [
                    0,
                    0,
                    0,
                    1
                ]
            ],
            "fov": 50,
            "aspect": 1
        },
        {
            "camera_to_world": [
                [
                    0.008327282965183258,
                    -0.0779942199587822,
                    0.9969190955162048,
                    0.7363978028297424
                ],
                [
                    0.997738778591156,
                    -0.06584493815898895,
                    -0.01348552480340004,
                    0.6186493635177612
                ],
                [
                    0.06669386476278305,
                    0.9947770237922668,
                    0.07726949453353882,
                    -0.031424809247255325
                ],
                [
                    0,
                    0,
                    0,
                    1
                ]
            ],
            "fov": 50,
            "aspect": 1
        },
        {
            "camera_to_world": [
                [
                    0.007943522185087204,
                    -0.08480320125818253,
                    0.9963660836219788,
                    0.739459753036499
                ],
                [
                    0.9977949261665344,
                    -0.06498729437589645,
                    -0.013486150652170181,
                    0.6109686493873596
                ],
                [
                    0.06589480489492416,
                    0.994276225566864,
                    0.08409992605447769,
                    -0.035369690507650375
                ],
                [
                    0,
                    0,
                    0,
                    1
                ]
            ],
            "fov": 50,
            "aspect": 1
        },
        {
            "camera_to_world": [
                [
                    0.009542975574731827,
                    -0.09300883114337921,
                    0.9956195950508118,
                    0.7424412965774536
                ],
                [
                    0.9978278279304504,
                    -0.06401532143354416,
                    -0.015544332563877106,
                    0.6023496389389038
                ],
                [
                    0.06518066674470901,
                    0.9936052560806274,
                    0.09219586849212646,
                    -0.03951495513319969
                ],
                [
                    0,
                    0,
                    0,
                    1
                ]
            ],
            "fov": 50,
            "aspect": 1
        },
        {
            "camera_to_world": [
                [
                    0.01307307556271553,
                    -0.10175708681344986,
                    0.994723379611969,
                    0.7442023754119873
                ],
                [
                    0.9978035688400269,
                    -0.06328011304140091,
                    -0.019586924463510513,
                    0.5937514901161194
                ],
                [
                    0.06493932008743286,
                    0.9927946925163269,
                    0.10070627927780151,
                    -0.04532696306705475
                ],
                [
                    0,
                    0,
                    0,
                    1
                ]
            ],
            "fov": 50,
            "aspect": 1
        },
        {
            "camera_to_world": [
                [
                    0.018605947494506836,
                    -0.11349651217460632,
                    0.993364155292511,
                    0.7446552515029907
                ],
                [
                    0.997708261013031,
                    -0.06253800541162491,
                    -0.02583257481455803,
                    0.5856801867485046
                ],
                [
                    0.06505492329597473,
                    0.9915682673454285,
                    0.11207277327775955,
                    -0.05248173698782921
                ],
                [
                    0,
                    0,
                    0,
                    1
                ]
            ],
            "fov": 50,
            "aspect": 1
        },
        {
            "camera_to_world": [
                [
                    0.02562485635280609,
                    -0.12391228973865509,
                    0.9919622540473938,
                    0.7468796968460083
                ],
                [
                    0.9975318908691406,
                    -0.061719879508018494,
                    -0.03347855433821678,
                    0.5793631076812744
                ],
                [
                    0.06537219882011414,
                    0.9903719425201416,
                    0.12202484905719757,
                    -0.06245734170079231
                ],
                [
                    0,
                    0,
                    0,
                    1
                ]
            ],
            "fov": 50,
            "aspect": 1
        },
        {
            "camera_to_world": [
                [
                    0.03287225216627121,
                    -0.1335386037826538,
                    0.9904983043670654,
                    0.7466084957122803
                ],
                [
                    0.9972717761993408,
                    -0.06115468218922615,
                    -0.04134190082550049,
                    0.5760950446128845
                ],
                [
                    0.06609435379505157,
                    0.9891549944877625,
                    0.13116392493247986,
                    -0.07582424581050873
                ],
                [
                    0,
                    0,
                    0,
                    1
                ]
            ],
            "fov": 50,
            "aspect": 1
        },
        {
            "camera_to_world": [
                [
                    0.04021294414997101,
                    -0.142892524600029,
                    0.9889209270477295,
                    0.7419019937515259
                ],
                [
                    0.9969452619552612,
                    -0.06058298051357269,
                    -0.04929308220744133,
                    0.5748654007911682
                ],
                [
                    0.06695540249347687,
                    0.9878823757171631,
                    0.1400197595357895,
                    -0.08946412801742554
                ],
                [
                    0,
                    0,
                    0,
                    1
                ]
            ],
            "fov": 50,
            "aspect": 1
        },
        {
            "camera_to_world": [
                [
                    0.05115637183189392,
                    -0.1496317982673645,
                    0.9874175786972046,
                    0.7444792985916138
                ],
                [
                    0.9963672757148743,
                    -0.05975567549467087,
                    -0.06067533791065216,
                    0.5743959546089172
                ],
                [
                    0.0680827647447586,
                    0.9869344830513,
                    0.14603129029273987,
                    -0.09969435632228851
                ],
                [
                    0,
                    0,
                    0,
                    1
                ]
            ],
            "fov": 50,
            "aspect": 1
        },
        {
            "camera_to_world": [
                [
                    0.062065478414297104,
                    -0.1574680060148239,
                    0.9855718016624451,
                    0.734857439994812
                ],
                [
