{
    "camera_type": "perspective",
    "render_height": 810	,
    "render_width": 1080,
    "seconds": 352,
    "camera_path": [
        {
            "camera_to_world": [
                [
                    0.254592478275299,
                    -0.05840585380792618,
                    0.9652830958366395,
                    0.6968130826950072
                ],
                [
                    0.9665166735649108,
                    -0.017730027437210086,
                    -0.2559906244277954,
                    0.7878177642822266
                ],
                [
                    0.03206584230065346,
                    0.9981355071067811,
                    0.051936246454715736,
                    -0.020741962641477586
                ],
                [
                    0.0,
                    0.0,
                    0.0,
                    1.0
                ]
            ],
            "fov": 50,
            "aspect": 1
        },
        {
            "camera_to_world": [
                [
                    0.2634205818176269,
                    -0.05079459398984909,
                    0.9633429050445557,
                    0.7004043340682984
                ],
                [
                    0.9641677737236022,
                    -0.018710602074861526,
                    -0.26463267207145696,
                    0.7897569656372071
                ],
                [
                    0.031466633081436164,
                    0.9985339045524598,
                    0.044045701622962945,
                    -0.019705815240740766
                ],
                [
                    0.0,
                    0.0,
                    0.0,
                    1.0
                ]
            ],
            "fov": 50,
            "aspect": 1
        },
        {
            "camera_to_world": [
                [
                    0.27253556251525873,
                    -0.04223552346229554,
                    0.961218237876892,
                    0.7038334965705872
                ],
                [
                    0.9616504907608032,
                    -0.020090829581022266,
                    -0.2735409140586853,
                    0.7920207738876345
                ],
                [
                    0.03086480870842934,
                    0.9989057183265687,
                    0.03514029085636139,
                    -0.01840514019131659
                ],
                [
                    0.0,
                    0.0,
                    0.0,
                    1.0
                ]
            ],
            "fov": 50,
            "aspect": 1
        },
        {
            "camera_to_world": [
                [
                    0.2803230881690979,
                    -0.035821892321109765,
                    0.9592370986938477,
                    0.7073372721672058
                ],
                [
                    0.9594280123710631,
                    -0.021065432578325268,
                    -0.28116554021835316,
                    0.7949752926826478
                ],
                [
                    0.03027861565351486,
                    0.9991361498832703,
                    0.028463365510106083,
                    -0.01667222268879414
                ],
                [
                    0.0,
                    0.0,
                    0.0,
                    1.0
                ]
            ],
            "fov": 50,
            "aspect": 1
        },
        {
            "camera_to_world": [
                [
                    0.2873003482818604,
                    -0.030371084809303287,
                    0.9573590159416199,
                    0.7101351022720338
                ],
                [
                    0.9573912024497987,
                    -0.02150757238268853,
                    -0.28799229860305786,
                    0.79670946598053
                ],
                [
                    0.029337100684642792,
                    0.9993072748184204,
                    0.02289783209562302,
                    -0.014548664540052405
                ],
                [
                    0.0,
                    0.0,
                    0.0,
                    1.0
                ]
            ],
            "fov": 50,
            "aspect": 1
        },
        {
            "camera_to_world": [
                [
                    0.2942879796028138,
                    -0.02573709562420845,
                    0.9553701877593993,
                    0.7143186092376709
                ],
                [
                    0.955289661884308,
                    -0.021963421255350113,
                    -0.29485484957695,
                    0.797387433052063
                ],
                [
                    0.028571892529726032,
                    0.9994274377822877,
                    0.01812276430428028,
                    -0.012144733965396884
                ],
                [
                    0.0,
                    0.0,
                    0.0,
                    1.0
                ]
            ],
            "fov": 50,
            "aspect": 1
        },
        {
            "camera_to_world": [
                [
                    0.30105510354042053,
                    -0.021589580923318863,
                    0.9533624053001403,
                    0.7182359874248505
                ],
                [
                    0.9531981348991393,
                    -0.0224507637321949,
                    -0.30151164531707764,
                    0.7979974865913393
                ],
                [
                    0.027913220226764682,
                    0.9995148181915283,
                    0.013820199295878412,
                    -0.01069663427770137
                ],
                [
                    0.0,
                    0.0,
                    0.0,
                    1.0
                ]
            ],
            "fov": 50,
            "aspect": 1
        },
        {
            "camera_to_world": [
                [
                    0.3079344928264618,
                    -0.01790430396795272,
                    0.9512391686439514,
                    0.7222468674182891
                ],
                [
                    0.9510093331336975,
                    -0.02313385903835296,
                    -0.3082955479621887,
                    0.7981640577316284
                ],
                [
                    0.027525637298822396,
                    0.9995720386505125,
                    0.009903412312269207,
                    -0.00988015476614237
                ],
                [
                    0.0,
                    0.0,
                    0.0,
                    1.0
                ]
            ],
            "fov": 50,
            "aspect": 1
        },
        {
            "camera_to_world": [
                [
                    0.3149649202823639,
                    -0.014668934047222137,
                    0.9489899277687074,
                    0.725135499238968
                ],
                [
                    0.9487101435661317,
                    -0.0239102765917778,
                    -0.3152416646480561,
                    0.7974730134010317
                ],
                [
                    0.02731486037373543,
                    0.9996064901351929,
                    0.006385626271367071,
                    -0.00959792677313089
                ],
                [
                    0.0,
                    0.0,
                    0.0,
                    1.0
                ]
            ],
            "fov": 50,
            "aspect": 1
        },
        {
            "camera_to_world": [
                [
                    0.3217440843582154,
                    -0.012227335013449192,
                    0.9467477798461913,
                    0.7265887260437012
                ],
                [
                    0.9464352726936341,
                    -0.02459388971328735,
                    -0.3219555616378784,
                    0.7969873428344728
                ],
                [
                    0.027220860123634335,
                    0.9996228218078611,
                    0.0036594029515981666,
                    -0.009577736072242255
                ],
                [
                    0.0,
                    0.0,
                    0.0,
                    1.0
                ]
            ],
            "fov": 50,
            "aspect": 1
        },
        {
            "camera_to_world": [
                [
                    0.3287034928798676,
                    -0.01062277238816023,
                    0.9443734288215637,
                    0.7300436437129973
                ],
                [
                    0.9440404176712038,
                    -0.02514048665761948,
                    -0.32887035608291626,
                    0.7980647683143617
                ],
                [
                    0.027235511690378193,
                    0.9996274709701539,
                    0.0017645061016082764,
                    -0.009584424458444115
                ],
                [
                    0.0,
                    0.0,
                    0.0,
                    1.0
                ]
            ],
            "fov": 50,
            "aspect": 1
        },
        {
            "camera_to_world": [
                [
                    0.33762404322624207,
                    -0.009379055351018906,
                    0.9412344098091124,
                    0.7321227371692657
                ],
                [
                    0.9408851861953734,
                    -0.025635834783315655,
                    -0.3377542495727539,
                    0.7997320175170898
                ],
                [
                    0.02729713916778564,
                    0.999627351760864,
                    0.00016929209232330222,
                    -0.010648859664797781
                ],
                [
                    0.0,
                    0.0,
                    0.0,
                    1.0
                ]
            ],
            "fov": 50,
            "aspect": 1
        },
        {
            "camera_to_world": [
                [
                    0.34638166427612316,
                    -0.0097839767113328,
                    0.9380427002906798,
                    0.7302888035774231
                ],
                [
                    0.9376863837242129,
                    -0.025851864367723472,
                    -0.34651973843574524,
                    0.801485800743103
                ],
                [
                    0.027640473097562793,
                    0.9996179938316345,
                    0.00021963752806186768,
                    -0.010645547509193415
                ],
                [
                    0.0,
                    0.0,
                    0.0,
                    1.0
                ]
            ],
            "fov": 50,
            "aspect": 1
        },
        {
            "camera_to_world": [
                [
                    0.3507291078567506,
                    -0.010903557762503626,
                    0.9364135265350341,
                    0.7296803951263428
                ],
                [
                    0.936054289340973,
                    -0.025957930833101276,
                    -0.3508968353271485,
                    0.8018433451652528
                ],
                [
                    0.028133373707532886,
                    0.9996035695075989,
                    0.0011020749807357797,
                    -0.011148676276206972
                ],
                [
                    0.0,
                    0.0,
                    0.0,
                    1.0
                ]
            ],
            "fov": 50,
            "aspect": 1
        },
        {
            "camera_to_world": [
                [
                    0.35232546925544733,
                    -0.012620568275451662,
                    0.9357925057411195,
                    0.7280353367328645
                ],
                [
                    0.9354287385940552,
                    -0.026214104145765308,
                    -0.35254207253456116,
                    0.8024659156799316
                ],
                [
                    0.028980221599340442,
                    0.9995767474174501,
                    0.0025696903467178336,
                    -0.013117338344454764
                ],
                [
                    0.0,
                    0.0,
                    0.0,
                    1.0
                ]
            ],
            "fov": 50,
            "aspect": 1
        },
        {
            "camera_to_world": [
                [
                    0.3519369065761566,
                    -0.016099698841571804,
                    0.9358852505683899,
                    0.7264881908893585
                ],
                [
                    0.9355312585830687,
                    -0.026379201561212533,
                    -0.35225754976272583,
                    0.8025501966476438
                ],
                [
                    0.030359134078025814,
                    0.9995223879814148,
                    0.005777904763817787,
                    -0.013094897940754888
                ],
                [
                    0.0,
                    0.0,
                    0.0,
                    1.0
                ]
            ],
            "fov": 50,
            "aspect": 1
        },
        {
            "camera_to_world": [
                [
                    0.35019338130950933,
                    -0.020255960524082187,
                    0.9364584088325499,
                    0.7256887555122375
                ],
                [
                    0.9361209869384766,
                    -0.02688739448785783,
                    -0.35064882040023804,
                    0.8027928352355957
                ],
                [
                    0.032281640917062766,
                    0.9994332790374757,
                    0.009546184912323947,
                    -0.013017038255929944
                ],
                [
                    0.0,
                    0.0,
                    0.0,
                    1.0
                ]
            ],
            "fov": 50,
            "aspect": 1
        },
        {
            "camera_to_world": [
                [
                    0.3487089276313782,
                    -0.022610878571867946,
                    0.9369583129882811,
                    0.7244843244552612
                ],
                [
                    0.9366422891616819,
                    -0.027022749185562134,
                    -0.3492434322834015,
                    0.8022636175155639
                ],
                [
                    0.03321587294340133,
                    0.9993790388107299,
                    0.011755181476473812,
                    -0.013665210083127018
                ],
                [
                    0.0,
                    0.0,
                    0.0,
                    1.0
                ]
            ],
            "fov": 50,
            "aspect": 1
        },
        {
            "camera_to_world": [
                [
                    0.3436391949653626,
                    -0.02788850292563438,
                    0.9386876225471497,
                    0.7229825735092164
                ],
                [
                    0.9384349584579468,
                    -0.02746330201625824,
                    -0.3443626761436463,
                    0.8014093756675719
                ],
                [
                    0.0353832021355629,
                    0.9992337226867674,
                    0.016734020784497254,
                    -0.015554615482687944
                ],
                [
                    0.0,
                    0.0,
                    0.0,
                    1.0
                ]
            ],
            "fov": 50,
            "aspect": 1
        },
        {
            "camera_to_world": [
                [
                    0.33587494492530817,
                    -0.035288404673337936,
                    0.9412453770637512,
                    0.7218564927577972
                ],
                [
                    0.9411350488662719,
                    -0.027865599840879444,
                    -0.33688029646873474,
                    0.8004822254180906
                ],
                [
                    0.038116320967674255,
                    0.998988687992096,
                    0.02385174296796323,
                    -0.01744131222367288
                ],
                [
                    0.0,
                    0.0,
                    0.0,
                    1.0
                ]
            ],
            "fov": 50,
            "aspect": 1
        },
        {
            "camera_to_world": [
                [
                    0.32593339681625366,
                    -0.0428234115242958,
                    0.944422423839569,
                    0.7173355817794799
                ],
                [
                    0.944544553756714,
                    -0.027557104825973504,
                    -0.3272250592708588,
                    0.8004000544548034
                ],
                [
                    0.04003842547535896,
                    0.9987025856971739,
                    0.03146678954362868,
                    -0.02002245150506495
                ],
                [
                    0.0,
                    0.0,
                    0.0,
                    1.0
                ]
            ],
            "fov": 50,
            "aspect": 1
        },
        {
            "camera_to_world": [
                [
                    0.31373509764671315,
                    -0.0485902838408947,
                    0.9482665061950685,
                    0.7161207377910614
                ],
                [
                    0.9485563039779662,
                    -0.02872400730848312,
                    -0.31530284881591786,
                    0.7995275735855102
                ],
                [
                    0.0425586588680744,
                    0.9984057545661926,
                    0.037078835070133216,
                    -0.021283298358321195
                ],
                [
                    0.0,
                    0.0,
                    0.0,
                    1.0
                ]
            ],
            "fov": 50,
            "aspect": 1
        },
        {
            "camera_to_world": [
                [
                    0.3015574514865875,
                    -0.05447614192962646,
                    0.951890468597412,
                    0.71373593211174
                ],
                [
                    0.9523901343345641,
                    -0.029805433005094525,
                    -0.3034214973449707,
                    0.7987286448478698
                ],
                [
                    0.04490072280168533,
                    0.9980701208114622,
                    0.04289444163441657,
                    -0.021927015110850337
                ],
                [
                    0.0,
                    0.0,
                    0.0,
                    1.0
                ]
            ],
            "fov": 50,
            "aspect": 1
        },
        {
            "camera_to_world": [
                [
                    0.28685513138771057,
                    -0.060422178357839584,
                    0.9560666084289551,
                    0.7109261214733124
                ],
                [
                    0.9568148255348206,
                    -0.031010743230581284,
                    -0.2890394330024719,
                    0.7991303086280822
                ],
                [
                    0.047112718224525445,
                    0.9976911544799804,
                    0.04891718924045563,
                    -0.02166493311524392
                ],
                [
                    0.0,
                    0.0,
                    0.0,
                    1.0
                ]
            ],
            "fov": 50,
            "aspect": 1
        },
        {
            "camera_to_world": [
                [
                    0.2704180181026458,
                    -0.06613623350858688,
                    0.9604687094688416,
                    0.7098139107227325
                ],
                [
                    0.9614570140838623,
                    -0.03299574181437493,
                    -0.2729682922363281,
                    0.7991035223007202
                ],
                [
                    0.04974446445703505,
                    0.9972648620605468,
                    0.054664459079504,
                    -0.02157730758190157
                ],
                [
                    0.0,
                    0.0,
                    0.0,
                    1.0
                ]
            ],
            "fov": 50,
            "aspect": 1
        },
        {
            "camera_to_world": [
                [
                    0.25173747539520264,
                    -0.07158575206995009,
                    0.9651444554328917,
                    0.7088019728660584
                ],
                [
                    0.9663821458816529,
                    -0.03528458252549172,
                    -0.25467741489410406,
                    0.8002218842506409
                ],
                [
                    0.052285980433225625,
                    0.9968101978302002,
                    0.06029670313000678,
                    -0.02295092046260833
                ],
                [
                    0.0,
                    0.0,
                    0.0,
                    1.0
                ]
            ],
            "fov": 50,
            "aspect": 1
        },
        {
            "camera_to_world": [
                [
                    0.23055002093315127,
                    -0.076703742146492,
                    0.9700326323509215,
                    0.7086891233921052
                ],
                [
                    0.9714961051940918,
                    -0.038360346108674996,
                    -0.2339311242103577,
                    0.8022775650024415
                ],
                [
                    0.05515417456626892,
                    0.9963157773017883,
                    0.06567335873842237,
                    -0.023158378154039372
                ],
                [
                    0.0,
                    0.0,
                    0.0,
                    1.0
                ]
            ],
            "fov": 50,
            "aspect": 1
        },
        {
            "camera_to_world": [
                [
                    0.20819354057312012,
                    -0.08061760663986207,
                    0.9747596383094788,
                    0.7073902845382691
                ],
                [
                    0.9763878583908082,
                    -0.041599221527576453,
                    -0.21198177337646484,
                    0.8064430356025698
                ],
                [
                    0.057638701051473624,
                    0.9958767294883729,
                    0.07005330920219423,
                    -0.023248638212680812
                ],
                [
                    0.0,
                    0.0,
                    0.0,
                    1.0
                ]
            ],
            "fov": 50,
            "aspect": 1
        },
        {
            "camera_to_world": [
                [
                    0.18514606356620786,
                    -0.08354283124208452,
                    0.9791535139083862,
                    0.7092543900012971
                ],
                [
                    0.9808629751205444,
                    -0.045366149395704276,
                    -0.18934002518653867,
                    0.8104777932167053
                ],
                [
                    0.060238420963287354,
                    0.9954710006713868,
                    0.07354467362165451,
                    -0.02350844219326973
                ],
                [
                    0.0,
                    0.0,
                    0.0,
                    1.0
                ]
            ],
            "fov": 50,
            "aspect": 1
        },
        {
            "camera_to_world": [
                [
                    0.1604296863079071,
                    -0.08573523163795473,
                    0.9833168387413025,
                    0.7123341381549836
                ],
                [
                    0.9850286245346072,
                    -0.04977492988109591,
                    -0.16504885256290436,
                    0.8157968878746036
                ],
                [
                    0.06309502571821214,
                    0.9950737953186036,
                    0.07646623998880388,
                    -0.023737462610006303
                ],
                [
                    0.0,
                    0.0,
                    0.0,
                    1.0
                ]
            ],
            "fov": 50,
            "aspect": 1
        },
        {
            "camera_to_world": [
                [
                    0.1325404793024063,
                    -0.08587668836116791,
                    0.9874504208564757,
                    0.7181776195764541
                ],
                [
                    0.9890438318252565,
                    -0.0538756735622883,
                    -0.13743983209133148,
                    0.8203392267227173
                ],
                [
                    0.0650024339556694,
                    0.9948480725288391,
                    0.07779504358768463,
                    -0.02137609720230103
                ],
                [
                    0.0,
                    0.0,
                    0.0,
                    1.0
                ]
            ],
            "fov": 50,
            "aspect": 1
        },
        {
            "camera_to_world": [
                [
                    0.10485485196113586,
                    -0.08433397859334946,
                    0.9909052848815917,
                    0.7225576341152191
                ],
                [
                    0.9922375679016113,
                    -0.05811601877212524,
                    -0.10994195938110353,
                    0.8237300395965576
                ],
                [
                    0.06685931980609894,
                    0.9947413206100464,
                    0.07758555561304091,
                    -0.019261500239372238
                ],
                [
                    0.0,
                    0.0,
                    0.0,
                    1.0
                ]
            ],
            "fov": 50,
            "aspect": 1
        },
        {
            "camera_to_world": [
                [
                    0.08184215426445009,
                    -0.08339345455169679,
                    0.9931503534317017,
                    0.7247274935245513
                ],
                [
                    0.9942730069160463,
                    -0.06188198551535608,
                    -0.0871308371424675,
                    0.8246909737586976
                ],
                [
                    0.06872425973415376,
                    0.9945935010910035,
                    0.07785127311944962,
                    -0.018127834051847463
                ],
                [
                    0.0,
                    0.0,
                    0.0,
                    1.0
                ]
            ],
            "fov": 50,
            "aspect": 1
        },
        {
            "camera_to_world": [
                [
                    0.06147491931915283,
                    -0.08148764073848724,
                    0.9947766661643983,
                    0.7266948580741883
                ],
                [
                    0.9956557154655458,
                    -0.06482452899217606,
                    -0.06683937460184097,
                    0.8252623796463013
                ],
                [
                    0.0699325129389763,
                    0.9945639967918397,
                    0.07714848965406418,
                    -0.01853045746684073
                ],
                [
                    0.0,
                    0.0,
                    0.0,
                    1.0
                ]
            ],
            "fov": 50,
            "aspect": 1
        },
        {
            "camera_to_world": [
                [
                    0.044611431658267975,
                    -0.07917352765798569,
                    0.9958621263504028,
                    0.7293652966618537
                ],
                [
                    0.9965344667434693,
                    -0.06652799248695375,
                    -0.04993069916963577,
                    0.8257881879806518
                ],
                [
                    0.07020590454339982,
                    0.9946384429931641,
                    0.07593119889497757,
                    -0.01821527704596519
                ],
                [
                    0.0,
                    0.0,
                    0.0,
                    1.0
                ]
            ],
            "fov": 50,
            "aspect": 1
        },
        {
            "camera_to_world": [
                [
                    0.029523974284529693,
                    -0.07505188882350923,
                    0.9967424869537354,
                    0.7355597030371427
                ],
                [
                    0.9971297383308413,
                    -0.06734044849872589,
                    -0.03460599482059479,
                    0.8253665089607239
                ],
                [
                    0.06971833109855652,
                    0.994903326034546,
                    0.07284826785326003,
                    -0.016648611426353477
                ],
                [
                    0.0,
                    0.0,
                    0.0,
                    1.0
                ]
            ],
            "fov": 50,
            "aspect": 1
        },
        {
            "camera_to_world": [
                [
                    0.017673779278993603,
                    -0.07275157421827318,
                    0.9971935749053956,
                    0.7400629140436649
                ],
                [
                    0.9974841475486756,
                    -0.06719690561294558,
                    -0.022581376135349274,
                    0.8247583150863648
                ],
                [
                    0.06865115463733676,
                    0.9950838685035708,
                    0.0713808834552765,
                    -0.014646128565073014
                ],
                [
                    0.0,
                    0.0,
                    0.0,
                    1.0
                ]
            ],
            "fov": 50,
            "aspect": 1
        },
        {
            "camera_to_world": [
                [
                    0.011045984923839569,
                    -0.07372923940420151,
                    0.9972171783447265,
                    0.7396721348166466
                ],
                [
                    0.997656524181366,
                    -0.06653247773647308,
                    -0.015969939529895782,
                    0.8225677490234377
                ],
                [
                    0.06752478331327437,
                    0.9950565099716185,
                    0.07282149791717529,
                    -0.01496480517089367
                ],
                [
                    0.0,
                    0.0,
                    0.0,
                    1.0
                ]
            ],
            "fov": 50,
            "aspect": 1
        },
        {
            "camera_to_world": [
                [
                    0.00832728296518326,
                    -0.0779942199587822,
                    0.9969190955162047,
                    0.7380632594227791
                ],
                [
                    0.9977387785911562,
                    -0.06584493815898895,
                    -0.013485524803400041,
                    0.8181971192359924
                ],
                [
                    0.06669386476278305,
                    0.9947770237922666,
                    0.0772694945335388,
                    -0.018086036294698692
                ],
                [
                    0.0,
                    0.0,
                    0.0,
                    1.0
                ]
            ],
            "fov": 50,
            "aspect": 1
        },
        {
            "camera_to_world": [
                [
                    0.007943522185087204,
                    -0.08480320125818253,
                    0.9963660836219786,
                    0.7410484574735164
                ],
                [
                    0.9977949261665344,
                    -0.06498729437589645,
                    -0.013486150652170185,
                    0.8105276346206665
                ],
                [
                    0.06589480489492419,
                    0.994276225566864,
                    0.08409992605447768,
                    -0.022190729528665534
                ],
                [
                    0.0,
                    0.0,
                    0.0,
                    1.0
                ]
            ],
            "fov": 50,
            "aspect": 1
        },
        {
            "camera_to_world": [
                [
                    0.009542975574731827,
                    -0.09300883114337918,
                    0.9956195950508117,
                    0.7443498916924001
                ],
                [
                    0.9978278279304503,
                    -0.06401532143354415,
                    -0.015544332563877106,
                    0.8019152045249939
                ],
                [
                    0.065180666744709,
                    0.9936052560806274,
                    0.09219586849212645,
                    -0.026478821784257887
                ],
                [
                    0.0,
                    0.0,
                    0.0,
                    1.0
                ]
            ],
            "fov": 50,
            "aspect": 1
        },
        {
            "camera_to_world": [
                [
                    0.013073075562715527,
                    -0.10175708681344986,
                    0.994723379611969,
                    0.7468169905245303
                ],
                [
                    0.9978035688400269,
                    -0.06328011304140091,
                    -0.01958692446351051,
                    0.7933122038841247
                ],
                [
                    0.06493932008743286,
                    0.9927946925163268,
                    0.10070627927780149,
                    -0.032339099049568186
                ],
                [
                    0.0,
                    0.0,
                    0.0,
                    1.0
                ]
            ],
            "fov": 50,
            "aspect": 1
        },
        {
            "camera_to_world": [
                [
                    0.01860594749450684,
                    -0.11349651217460634,
                    0.9933641552925109,
                    0.7483764410018922
                ],
                [
                    0.9977082610130311,
                    -0.06253800541162491,
                    -0.02583257481455803,
                    0.7852218389511108
                ],
                [
                    0.06505492329597473,
                    0.9915682673454285,
                    0.11207277327775957,
                    -0.03947075232863426
                ],
                [
                    0.0,
                    0.0,
                    0.0,
                    1.0
                ]
            ],
            "fov": 50,
            "aspect": 1
        },
        {
            "camera_to_world": [
                [
                    0.02562485635280609,
                    -0.12391228973865509,
                    0.9919622540473938,
                    0.7520046681165696
                ],
                [
                    0.9975318908691406,
                    -0.06171987950801848,
                    -0.03347855433821678,
                    0.7788694858551027
                ],
                [
                    0.06537219882011414,
                    0.9903719425201417,
                    0.12202484905719758,
                    -0.04938290193676949
                ],
                [
                    0.0,
                    0.0,
                    0.0,
                    1.0
                ]
            ],
            "fov": 50,
            "aspect": 1
        },
        {
            "camera_to_world": [
                [
                    0.03287225216627122,
                    -0.13353860378265378,
                    0.9904983043670655,
                    0.7531829461455345
                ],
                [
                    0.997271776199341,
                    -0.06115468218922615,
                    -0.0413419008255005,
                    0.7755493998527527
                ],
                [
                    0.06609435379505157,
                    0.9891549944877623,
                    0.1311639249324799,
                    -0.06260537505149841
                ],
                [
                    0.0,
                    0.0,
                    0.0,
                    1.0
                ]
            ],
            "fov": 50,
            "aspect": 1
        },
        {
            "camera_to_world": [
                [
                    0.04021294414997101,
                    -0.14289252460002902,
                    0.9889209270477295,
                    0.7499445825815199
                ],
                [
                    0.9969452619552612,
                    -0.06058298051357269,
                    -0.04929308220744132,
                    0.7742544531822203
                ],
                [
                    0.06695540249347685,
                    0.9878823757171632,
                    0.14001975953578946,
                    -0.07607304751873022
                ],
                [
                    0.0,
                    0.0,
                    0.0,
                    1.0
                ]
            ],
            "fov": 50,
            "aspect": 1
        },
        {
            "camera_to_world": [
                [
                    0.05115637183189392,
                    -0.1496317982673645,
                    0.9874175786972046,
                    0.7547105729579925
                ],
                [
                    0.9963672757148742,
                    -0.059755675494670854,
                    -0.06067533791065216,
                    0.7736694097518922
                ],
                [
                    0.06808276474475862,
                    0.9869344830513,
                    0.14603129029273984,
                    -0.08607780337333676
                ],
                [
                    0.0,
                    0.0,
                    0.0,
